8	12	450
490	151
905	152
1332	152
1759	153
2185	154
2612	155
3039	154
3465	155
3892	156
4319	157
4746	158
5172	158
477	574
904	575
1331	576
1758	577
2184	577
2611	578
3038	578
3465	579
3891	579
4318	580
4745	581
5172	582
477	998
904	998
1330	999
1757	1000
2184	1001
2611	1002
3037	1001
3464	1002
3891	1003
4318	1004
4744	1004
5171	1005
476	1421
903	1422
1330	1423
1756	1423
2183	1424
2610	1425
3037	1425
3463	1426
3890	1426
4317	1427
4744	1428
5170	1429
475	1845
902	1845
1329	1846
1756	1847
2182	1848
2609	1848
3036	1848
3463	1849
3889	1850
4316	1851
4743	1851
5170	1852
475	2268
902	2269
1328	2270
1755	2270
2182	2271
2609	2272
3035	2272
3462	2272
3889	2273
4316	2274
4742	2275
5169	2276
474	2691
901	2692
1328	2693
1754	2694
2181	2695
2608	2695
3035	2695
3461	2696
3888	2697
4315	2697
4742	2698
5168	2699
473	3115
900	3116
1327	3116
1754	3117
2181	3118
2607	3119
3034	3118
3461	3119
3888	3120
4314	3121
4741	3122
5179	3119
